# R script for Peak Model
#  -- generated by MACS
p <- c(0.0389475825347,0.0403285552025,0.0417614441361,0.0431424168039,0.0446064554969,0.0459458951522,0.0470984362509,0.0485832414502,0.0498707648398,0.0512413542545,0.052674243188,0.0540967488685,0.0554361885237,0.0569106104699,0.058675763504,0.0599736701467,0.0614480920928,0.0628394480138,0.064095821644,0.065414494793,0.0665774191448,0.0681452903692,0.06937051424,0.0707307204015,0.0721428428288,0.0736380312812,0.0737107140532,0.073399216459,0.0731500183835,0.0732953839275,0.0734926657372,0.0731915513961,0.073181168143,0.0731707848898,0.0728696705487,0.0726204724733,0.0725166399419,0.0724751069293,0.0722674418665,0.0724024241573,0.0722466753602,0.0722051423477,0.0723608911448,0.0721843758414,0.0720182437911,0.0719559442722,0.0720701600568,0.071935177766,0.0720701600568,0.0720286270442,0.0717794289688,0.0717482792094,0.0715613806529,0.0716029136654,0.0716236801717,0.0717378959563,0.0716548299311,0.0716755964374,0.0716132969186,0.0714679313746,0.0716859796906,0.0718105787283,0.0717378959563,0.0716963629437,0.0717067461968,0.0718313452345,0.071499081134,0.0718417284877,0.0717275127031,0.0716236801717,0.0717794289688,0.0717794289688,0.0721428428288,0.0719974772848,0.0723193581322,0.0727243050047,0.0727866045236,0.0726204724733,0.0727035384985,0.072672388739,0.0731604016367,0.0731500183835,0.0732123179024,0.0733369169401,0.0730669523584,0.0733473001932,0.0735653485092,0.0736484145344,0.0737937800783,0.0741468106852,0.0742194934571,0.0745621408108,0.0745621408108,0.074645206836,0.0746348235828,0.0750501537085,0.0751228364805,0.0752162857588,0.0753305015433,0.075309735037,0.0754447173279,0.0757146819096,0.0760261795038,0.075891197213,0.0757354484158,0.075673148897,0.075818514441,0.0758288976941,0.0755796996187,0.0760469460101,0.0765349589078,0.0765972584266,0.0765245756546,0.0763688268575,0.0764415096295,0.0762649943261,0.0764726593889,0.0764415096295,0.0765764919203,0.0764103598701,0.0763065273386,0.0765661086672,0.0765972584266,0.0767322407174,0.0768672230083,0.076991822046,0.0770437383117,0.0769399057803,0.0771268043368,0.0773033196402,0.0771475708431,0.0770022052991,0.076701090958,0.0764415096295,0.0764518928826,0.0767841569832,0.0768568397552,0.076628408186,0.0765764919203,0.0767841569832,0.0766595579455,0.0761923115541,0.0760157962507,0.0759119637193,0.0760261795038,0.0757769814284,0.0758081311878,0.0755693163656,0.0759431134787,0.0761403952884,0.0761715450478,0.0764415096295,0.0762338445666,0.0758600474535,0.0757354484158,0.0758288976941,0.0757250651627,0.0757665981753,0.075673148897,0.0758496642004,0.0760157962507,0.0757146819096,0.0756419991376,0.0759119637193,0.0760573292632,0.0761403952884,0.0761196287821,0.0763584436043,0.0763999766169,0.0760573292632,0.0760884790227,0.0762649943261,0.0766180249329,0.0762338445666,0.0763065273386,0.076555725414,0.0764622761358,0.0763688268575,0.0761300120352,0.0761611617947,0.0757769814284,0.075600466125,0.0757042986564,0.075818514441,0.0755796996187,0.0758704307067,0.0757354484158,0.0754239508216,0.075745831669,0.0758496642004,0.0760677125164,0.0759742632381,0.0761611617947,0.0761819283009,0.0763272938449,0.0762442278198,0.0759742632381,0.0760157962507,0.0758496642004,0.0758392809473,0.0756316158844,0.0754135675684,0.0750813034679,0.0749774709365,0.0749151714176,0.0749774709365,0.0751851359993,0.0750813034679,0.0751436029868,0.0752266690119,0.0753408847965,0.0751539862399,0.0754239508216,0.0754758670873,0.0753201182902,0.0752578187713,0.0751436029868,0.075382417809,0.0754031843153,0.0754343340747,0.0753616513027,0.0758288976941,0.0755796996187,0.0754343340747,0.0751955192525,0.0755796996187,0.0755900828719,0.0751955192525,0.0749774709365,0.0749670876834,0.0749463211771,0.0747490393674,0.0749982374428,0.0750916867211,0.0752682020245,0.0754966335936,0.0757562149221,0.0757146819096,0.0758392809473,0.075891197213,0.0755381666061,0.0756419991376,0.0753616513027,0.0752162857588,0.0748424886457,0.0750709202148,0.0749774709365,0.0749463211771,0.0751124532273,0.0751747527462,0.075455100581,0.075600466125,0.0757977479347,0.0758600474535,0.0762442278198,0.0761196287821,0.0762130780604,0.0765141924015,0.0763792101106,0.0765972584266,0.0767945402363,0.076919139274,0.0768049234894,0.077064504818,0.0771164210837,0.0770229718054,0.0773033196402,0.0772410201214,0.0771994871088,0.0772929363871,0.0773344693997,0.0774175354248,0.0773863856654,0.0771787206025,0.0775317512094,0.0777082665128,0.0783208784481,0.0782066626636,0.0782793454356,0.0788400411052,0.0794318865343,0.0794941860532,0.079774533888,0.0797226176223,0.0798679831663,0.0802002472668,0.0803975290765,0.0805740443799,0.0806674936582,0.081020524265,0.0809789912524,0.0813320218592,0.0817265854786,0.0817785017443,0.08219383187,0.0826818447677,0.0832840734499,0.0835332715253,0.083730553335,0.0839797514104,0.0843639317766,0.0845612135863,0.0847481121429,0.0849869269651,0.0853814905845,0.0854853231159,0.0855787723942,0.0858695034822,0.0861394680639,0.086149851317,0.0863367498736,0.0867520799992,0.0869908948215,0.0872297096437,0.0876554230226,0.087759255554,0.0878007885665,0.0880292201357,0.0880811364014,0.0883718674893,0.0887248980962,0.0887352813493,0.0889844794247,0.0892544440064,0.0895244085881,0.0898255229292,0.0898566726886,0.0903031525737,0.0901474037766,0.0906250334211,0.0907807822182,0.0905731171554,0.0905108176365,0.0906561831805,0.0910818965593,0.0914349271662,0.0914764601787,0.0917568080135,0.0919437065701,0.0917775745198,0.091933323317,0.0917256582541,0.0922032878986,0.0919540898232,0.0918398740387,0.0920060060889,0.0920060060889,0.0924109529615,0.0925147854929,0.0922655874175,0.0924213362146,0.0925667017586,0.09267053429,0.092743217062,0.0928678160997,0.0929197323654,0.0927536003152,0.0929093491123,0.0928574328466,0.09303394815,0.0930962476688,0.0934388950225,0.0937503926168,0.0935115777945,0.093989207439,0.0941449562361,0.0942280222613,0.0939995906922,0.0940826567173,0.0943941543115,0.0943214715396,0.0944149208178,0.0944149208178,0.0944356873241,0.0945291366024,0.0947056519058,0.0943007050333,0.0942384055144,0.094279938527,0.0940930399704,0.0939995906922,0.0941864892487,0.0941553394893,0.0944356873241,0.0941553394893,0.094279938527,0.0940930399704,0.093989207439,0.0938023088825,0.0935531108071,0.0931481639345,0.0933350624911,0.0936050270728,0.0937919256293,0.0936361768322,0.0939269079202,0.0940307404516,0.0938542251482,0.0939061414139,0.0935738773133,0.0935115777945,0.093843841895,0.0938230753888,0.0936673265916,0.0937192428573,0.0939061414139,0.0939269079202,0.0938230753888,0.0936984763511,0.0938853749076,0.0942591720207,0.0943007050333,0.0946018193744,0.0943214715396,0.0942591720207,0.0947575681715,0.0943422380458,0.0940722734642,0.094061890211,0.0941034232236,0.0940203571984,0.0938646084013,0.0941138064767,0.0940826567173,0.0943733878053,0.0946433523869,0.0944876035898,0.094279938527,0.0946329691338,0.0948717839561,0.0948821672092,0.0947679514246,0.0951417485378,0.0948406341966,0.0950171495001,0.09538056336,0.0956297614354,0.0957335939668,0.095889342764,0.0960450915611,0.0965123379525,0.096481188193,0.0969484345844,0.0971249498878,0.0971976326598,0.0972391656724,0.0974156809758,0.0976752623043,0.0980075264049,0.0984955393025,0.0985889885808,0.0987758871374,0.0989524024408,0.0989627856939,0.0992535167819,0.0993884990727,0.0993469660602,0.0994404153384,0.0992535167819,0.0993677325664,0.0992431335287,0.099263900035,0.0991496842505,0.0997207631733,0.0995753976293,0.0997519129327,0.0999388114892,0.0999699612487,0.100343758362,0.100624106197,0.100738321981,0.101018669816,0.101382083676,0.101745497536,0.101838946814,0.101963545852,0.10208814489,0.101953162599,0.102171210915,0.102295809952,0.102461942003,0.102441175496,0.102835739116,0.103199152976,0.103168003216,0.103334135267,0.103458734304,0.103469117557,0.103365285026,0.103427584545,0.103572950089,0.103832531417,0.103894830936,0.104247861543,0.10404019648,0.104258244796,0.104497059618,0.104922772997,0.105026605529,0.105120054807,0.105452318907,0.105826116021,